[gd_scene load_steps=5 format=2]

[ext_resource path="res://main/track/props/FloorLaneModel.tscn" type="PackedScene" id=1]
[ext_resource path="res://main/track/obstacle/cone/Cone.tscn" type="PackedScene" id=2]
[ext_resource path="res://main/track/collectable/CollectableSpawner.tscn" type="PackedScene" id=3]

[sub_resource type="BoxShape" id=1]
extents = Vector3( 4.5, 0.2, 12 )

[node name="Basic" type="Spatial"]

[node name="FloorLane" parent="." instance=ExtResource( 1 )]

[node name="FloorLane2" parent="." instance=ExtResource( 1 )]
transform = Transform( 1, 0, 0, 0, 1, 0, 0, 0, 1, 2.97971, 0, 0 )

[node name="FloorLane3" parent="." instance=ExtResource( 1 )]
transform = Transform( 1, 0, 0, 0, 1, 0, 0, 0, 1, -2.97784, 0, 0 )

[node name="Cone2" parent="." instance=ExtResource( 2 )]
transform = Transform( 0.969227, 0, 0.24617, 0, 1, 0, -0.24617, 0, 0.969227, -2.94117, 0, -0.300732 )

[node name="Cone3" parent="." instance=ExtResource( 2 )]
transform = Transform( 0.99358, 0, -0.113134, 0, 1, 0, 0.113134, 0, 0.99358, 3.29378, 0, -0.298921 )

[node name="Cone4" parent="." instance=ExtResource( 2 )]
transform = Transform( 0.897066, 0, -0.441897, 0, 1, 0, 0.441897, 0, 0.897066, 0.0921619, 0, -0.16567 )

[node name="Collectables" type="Spatial" parent="."]

[node name="CollectableSpawner3" parent="Collectables" instance=ExtResource( 3 )]
transform = Transform( 1, 0, 0, 0, 1, 0, 0, 0, 1, 0, 0, 3.31718 )

[node name="CollectableSpawner4" parent="Collectables" instance=ExtResource( 3 )]
transform = Transform( 1, 0, 0, 0, 1, 0, 0, 0, 1, 0, 0, 5.817 )

[node name="CollectableSpawner5" parent="Collectables" instance=ExtResource( 3 )]
transform = Transform( 1, 0, 0, 0, 1, 0, 0, 0, 1, 0, 0, 8.317 )

[node name="KinematicBody" type="KinematicBody" parent="."]
collision_layer = 4

[node name="CollisionShape" type="CollisionShape" parent="KinematicBody"]
shape = SubResource( 1 )
